ID	IntroductiontoClinicalMedicine	MusculoskeletalSystem	MedicalNeuroscience	NeuropsychiatryandBehavioralScience	SensorySystem
19001.0	79.17	69.14	64.19	72.11	74.295
19002.0	82.29	78.88000000000001	79.62666666666667	73.27	74.845
19003.0	92.71	86.39999999999999	87.28333333333335	85.86	93.15
19004.0	70.83	64.15333333333334	64.31666666666666	75.685	74.37
19005.0	82.29	79.28666666666668	81.76333333333334	84.64500000000001	88.78999999999999
19006.0	92.71	87.26999999999998	84.43333333333334	90.535	92.69999999999999
19007.0	86.46	62.97666666666667	51.23	62.59	60.665
19008.0	73.96	75.29333333333334	68.21666666666667	67.98	71.655
19009.0	88.54	85.22000000000001	81.75	84.14	88.595
19010.0	86.46	87.76666666666667	80.99000000000001	84.91	92.315
19011.0	78.13	81.97000000000001			
19012.0	92.71	81.04666666666667	83.30333333333334	81.57499999999999	89.9
19013.0	78.13	78.53666666666668	80.17666666666666	70.535	77.89500000000001
19014.0	89.58	84.10666666666667	76.61	82.355	87.075
19015.0	92.71	83.83333333333333	89.53000000000002	87.08500000000001	88.945
19016.0	87.5	87.44333333333333	86.90666666666668	84.02000000000001	88.295
19017.0	86.46	73.62333333333333	80.79	76.015	83.975
19018.0	81.25	71.65666666666668	67.56333333333333	71.22	75.845
19019.0	79.17	70.77333333333333	57.99	65.83500000000001	76.375
19020.0	87.5	86.0	79.89333333333333	75.625	84.545
19021.0	86.46	82.59666666666668	75.14333333333333	77.89	87.275
19022.0	92.71	84.38333333333334	86.55333333333333	83.305	88.685
19023.0	84.38	79.77666666666666	81.86666666666666	81.395	84.3
19024.0	93.75	85.79	84.46	87.47	93.345
19025.0	94.79	90.01666666666667	87.53666666666668	88.42500000000001	91.84
19026.0	89.58	88.49	84.17333333333335	89.195	95.5
19027.0	83.33	75.52333333333333	79.19000000000001	83.515	87.24000000000001
19028.0	82.29	69.32000000000001	57.95666666666667	66.43	76.305
19029.0	96.88	94.61666666666667	84.69333333333333	88.36	91.065
19030.0	95.83	90.14666666666665	86.50333333333333	88.87	92.065
19031.0	88.54	85.58333333333333	88.18333333333334	85.30000000000001	93.86500000000001
19032.0	85.42	79.8	72.01	76.73	78.61500000000001
19033.0	83.33	76.61999999999999	80.12333333333333	81.015	79.36
19034.0	94.79	90.66333333333334	86.18333333333334	88.47999999999999	93.035
19035.0	80.21	74.73333333333333	75.96333333333334	75.445	82.25
19036.0	88.54	78.84666666666665	72.88666666666666	78.72	85.33
19037.0	85.42	75.47666666666667	70.22	79.91	79.905
19038.0	90.63	74.28666666666668	68.61333333333333	76.60499999999999	74.205
19039.0	93.75	87.33	85.41000000000001	89.07499999999999	91.425
19040.0	90.63	92.08999999999999	92.72666666666667	88.305	95.08500000000001
19041.0	89.58	86.44333333333334	81.47000000000001	81.395	90.25999999999999
19042.0	90.63	83.48333333333333	81.34	83.63	89.485
19043.0	91.67	77.04	71.27666666666666	82.945	83.025
19044.0	85.42	73.64666666666666	74.76666666666667	74.61	78.39
19045.0	90.63	81.88666666666667	81.00666666666667	81.07	89.545
19046.0	89.58	81.77666666666666	79.01333333333334	78.895	82.57499999999999
19047.0	83.33	72.24666666666667	73.94	74.61	80.83
19048.0	83.33	79.40666666666668	70.54	75.27000000000001	80.89
19049.0	84.38	67.60333333333334	67.18666666666667	75.595	72.78999999999999
19050.0	92.71	77.53	78.02333333333333	80.565	82.785
19051.0	90.63	86.59333333333335	87.72333333333331	85.03	92.345
19052.0	86.46	88.71333333333335	86.29666666666667	86.25	90.25999999999999
19053.0	92.71	89.82	87.44666666666666	84.14	90.93
19054.0	82.29	68.9	73.10333333333334	74.555	77.315
19055.0	91.67	78.78333333333335	78.71666666666665	82.355	84.36
19056.0	93.75	82.73	84.56666666666668	86.19	90.485
19057.0	72.92	68.34000000000002	68.23333333333333	66.25	76.03999999999999
19058.0	82.29	65.36333333333334	61.626666666666665	66.25	70.685
19059.0	92.71	90.55333333333333	90.42	90.48	94.34
19060.0	87.5	70.69	68.71333333333332	70.09	73.77
19061.0	88.54	87.46999999999998	90.49333333333334	88.47999999999999	88.515
19062.0	83.33	64.16333333333334	73.27333333333333	81.46000000000001	84.44
19063.0	87.5	71.19333333333333			
19064.0	88.54	84.56333333333333	82.85333333333334	78.39500000000001	85.525
19065.0	84.38	69.73666666666666	61.120000000000005	63.629999999999995	68.905
19066.0	90.63	90.99666666666667	82.44	84.91	89.935
19067.0	89.58	80.56	79.58333333333333	84.91	87.49000000000001
19068.0	86.46	80.33666666666667	77.03666666666666	76.16	81.0
19069.0	89.58	66.02333333333333	64.14	74.16499999999999	85.55
19070.0	90.63	80.82666666666667	73.96000000000001	81.015	84.10499999999999
19071.0	91.67	80.09666666666668	84.06333333333333	88.42500000000001	88.71000000000001
19072.0	92.71	89.72666666666665	86.21666666666665	88.42500000000001	93.94999999999999
19073.0	94.79	85.38666666666666	85.5	84.52	89.425
19074.0	83.33	79.46666666666667	77.0	80.565	90.32
19075.0	88.54	80.11333333333333	84.47666666666667	84.855	87.38
19076.0	88.54	72.08666666666666	67.61	61.605	75.705
19077.0	90.63	81.13000000000001	86.25999999999999	83.245	89.765
19078.0	82.29	65.5	64.14999999999999	75.565	80.59
19079.0	87.5	89.03000000000002	81.76333333333334	88.42500000000001	95.31
19080.0	83.33	59.56666666666667	64.48666666666666	70.06	81.475
19081.0	92.71	82.13333333333334	75.78666666666668	84.195	80.715
19082.0	86.46	81.79333333333334	69.59666666666668	74.23	81.775
19083.0	89.58	80.81333333333333	82.28000000000002	76.34	90.675
19084.0	97.92	91.60000000000001	94.55666666666666	94.315	97.89
19085.0	91.67	80.98	77.75666666666666	85.41499999999999	86.85
19086.0	89.58	90.47333333333334	90.79	92.645	97.525
19087.0	86.46	83.42666666666666	74.71333333333332	81.015	84.69
19088.0	93.75				
19089.0	85.42	84.48333333333333	78.36	73.155	77.82
19090.0	87.5	70.66	75.77333333333333	81.785	74.535
19091.0	89.58	83.27333333333333	83.24666666666666	78.44999999999999	90.28999999999999
19092.0	88.54	80.50999999999999	86.39	87.47	89.875
19093.0	88.54	77.44	78.79	72.38	85.675
19094.0	79.17	68.61666666666666	70.91000000000001	70.97999999999999	78.17
19095.0	84.38	65.60666666666667	77.84333333333333	73.095	80.67
19096.0	91.67	81.98333333333333	72.97000000000001	76.34	79.7
19097.0	83.33	82.64333333333333	76.06	84.465	77.655
19098.0	91.67	90.46	90.64666666666666	87.98	95.755
19099.0	93.75	88.17666666666666	86.53000000000002	84.07499999999999	92.14
19100.0	90.63	89.71333333333332	85.05999999999999	86.695	91.9
19101.0	81.25	77.83	81.51666666666667	76.66499999999999	87.045
19102.0	93.75	92.10000000000001	89.26666666666667	88.81	94.75999999999999
19103.0	93.75	80.14999999999999	85.29333333333334	86.755	89.00999999999999
19104.0	86.46	69.44	74.75	75.0	81.42500000000001
20001.0	74.47	57.92	52.73	68.39	67.475
20002.0	73.4	50.345	38.19	65.91499999999999	55.19
20003.0	64.89	52.875	43.086666666666666	68.21000000000001	57.205
20004.0	96.81	92.125	91.44	93.11	91.46000000000001
20005.0	76.6	63.495000000000005	63.57666666666666	68.345	61.06
20006.0	72.34	62.45	50.48	61.91	66.92
20007.0	89.36	82.155	74.83333333333333	78.975	75.14
20008.0	67.02	71.39	60.28	71.14	64.565
20009.0	81.91	72.11500000000001	65.02	80.22999999999999	69.46000000000001
20010.0	71.28	76.34	58.68666666666667	74.42500000000001	70.53
20011.0	95.74	75.0	81.58333333333333	81.27	84.47999999999999
20012.0	87.23	77.0	79.37	79.06	80.345
20013.0	91.49	86.675	78.88	86.13499999999999	89.965
20014.0	86.17	71.61	71.72333333333334	70.82000000000001	71.92
20015.0	62.77	65.165	54.68666666666667	76.76499999999999	69.60499999999999
20016.0	91.49	86.16	81.96	88.065	87.62
20017.0	74.47	64.885	59.20000000000001	82.44	69.505
20018.0	82.98	86.58	82.15333333333332	83.475	91.41
20019.0	70.21	82.69	61.68000000000001	74.42500000000001	73.97
20020.0	76.6	73.87	68.18	76.63499999999999	74.6
20021.0	85.11	78.65	73.64666666666666	80.28	83.22999999999999
20022.0	82.0	79.0	78.90666666666668	76.72	77.875
20023.0	82.98	83.045	77.26666666666667	78.565	85.72999999999999
20024.0	77.66	81.56	79.91000000000001	85.59	85.975
20025.0	94.68	88.975	83.76666666666667	87.39	89.34
20026.0	77.66	76.11500000000001	68.98333333333333	77.625	69.82
20027.0	93.62	86.38	85.50333333333333	84.96000000000001	89.185
20028.0	96.81	90.94	85.14	90.455	92.63
20029.0	88.3	89.475	85.41333333333334	86.63	90.58
20030.0	69.15	54.215	54.74	63.12	63.230000000000004
20031.0	98.94	84.39	80.88	86.76	85.57
20032.0	77.66	82.35499999999999	76.30333333333333	80.775	85.57
20033.0	69.15	62.74	43.67666666666667	66.995	55.025000000000006
20034.0	78.72	84.78999999999999	82.99666666666667	83.745	67.64
20035.0	71.28	71.33	65.67	68.25999999999999	71.005
20036.0	88.3	81.045	77.09666666666666	81.63	85.25999999999999
20037.0	93.62	91.22	83.48666666666666	84.555	93.25
20038.0	72.34	67.06	57.47666666666667	69.56	64.125
20039.0	79.79	75.13499999999999	68.74666666666667	82.98	79.225
20040.0	86.17	84.16	70.37666666666667	75.055	83.535
20041.0	79.79	87.50999999999999	80.48	84.96000000000001	87.62
20042.0	94.68	91.495	88.81333333333333	92.61500000000001	91.38
20043.0	87.23	76.225	73.75666666666666	80.595	83.62
20044.0	85.11	77.95	70.02	80.86	81.66499999999999
20045.0	86.17	80.69	68.82666666666667	80.415	81.35499999999999
20046.0	87.23	84.12	74.59333333333333	84.78	85.25999999999999
20047.0	81.91	86.695	82.36	85.14500000000001	87.60499999999999
20048.0	90.43	86.935	81.69000000000001	84.10499999999999	83.305
20049.0	73.4	61.69	72.86333333333333	75.41499999999999	75.625
20050.0	81.91	77.95	70.96666666666665	82.44	84.00999999999999
20051.0	90.43	86.955	81.59666666666668	86.94	88.07499999999999
20052.0	85.11	78.84	81.93666666666667	76.72	85.72999999999999
20053.0	81.91	90.345	86.93333333333334	84.735	84.72
20054.0	78.72	56.14	58.050000000000004	70.78	70.94
20055.0	89.36	89.83	83.83999999999999	89.10499999999999	89.11500000000001
20056.0	80.85	82.35499999999999	65.17999999999999	83.745	76.97999999999999
20057.0	85.11	87.53	77.63	89.285	90.745
20058.0	79.79	81.36	73.29666666666667	81.45	76.015
20059.0	80.85	70.83500000000001	60.163333333333334	78.07	67.555
20060.0	94.68	94.07	85.44333333333334	87.75	89.02
20061.0	88.3	79.34	76.49666666666666	86.76	83.32499999999999
20062.0	86.17	81.1	75.54333333333334	84.42	83.62
20063.0	78.72	77.38499999999999	63.98	78.61500000000001	79.71000000000001
20064.0	92.55	84.37	77.19333333333333	81.945	79.78999999999999
20065.0	84.04	46.989999999999995	55.98	60.065	48.585
20066.0	78.72	74.465	65.60333333333334	79.11	78.83500000000001
20067.0	72.34	76.6	62.593333333333334	77.445	82.38
20068.0	69.15	62.185	54.446666666666665	68.57	68.35
20069.0	80.85	82.99000000000001	77.05999999999999	82.485	87.92500000000001
20070.0	87.23	82.47	73.40333333333334	81.765	83.375
20071.0	79.79	82.39500000000001	71.52	82.44	78.13499999999999
20072.0	87.23	79.595	79.41333333333334	81.9	81.35499999999999
20073.0	74.47	70.975	70.96333333333334	70.865	71.39500000000001
20074.0	86.17	78.445	75.31333333333333	77.445	81.815
20075.0	85.11	84.435	71.55000000000001	82.44	82.60499999999999
20076.0	90.43	85.94	74.61333333333333	83.61	89.1
20077.0	77.66	86.715	83.70666666666666	87.17	87.455
20078.0	79.79	40.135000000000005	28.25666666666667	51.555	55.790000000000006
20079.0	90.43	86.695	74.78	80.95500000000001	88.87
20080.0	78.72	74.745	78.16333333333334	77.08	78.215
20081.0	91.49	85.785	82.87333333333333	87.435	91.215
20082.0	75.53	72.92500000000001	63.27	77.035	76.25999999999999
20083.0	95.74	89.81	78.99333333333334	86.63	88.71000000000001
20084.0	81.91	80.25	84.41333333333334	80.22999999999999	77.44999999999999
20085.0	78.72	79.14	64.04	77.89	78.845
20086.0	84.04	69.83500000000001	69.51333333333334	77.25999999999999	76.015
20087.0	76.6	68.82	49.18333333333334	71.725	61.91
20088.0	81.91	77.97	71.23666666666666	80.46000000000001	82.36
20089.0	93.62	86.91499999999999	86.22333333333334	82.575	93.25
20090.0	87.23	85.31	73.97666666666667	86.08500000000001	79.4
20091.0	80.85	86.675	80.63333333333334	86.445	82.755
20092.0	88.3	89.235	84.34666666666666	86.58	91.685
20093.0	91.49	88.62	84.13000000000001	85.455	89.1
20094.0	70.21	78.425	63.080000000000005	70.91499999999999	66.935
20095.0	87.23	85.22999999999999	77.12333333333333	82.25999999999999	82.285
20096.0	82.98	76.5	70.94666666666667	81.945	77.805
20097.0	96.81	93.18	86.24666666666667	84.24	93.725
20098.0	91.49	74.75	77.63333333333333	74.695	65.33
20099.0	87.23	68.63	66.60666666666667	82.21	68.255
20100.0	71.28	65.52000000000001	53.24	71.59	69.0
20101.0	88.3	88.31	81.41666666666667	87.8	86.205
